14 94 35
7 39 42
1 25 27
x 
x 
3 90 0
x 
2 46 9
0 48 10
x 
6 0 6
15 52 9
x 
11 91 28
0 31 6
15 81 19
3 65 38
10 6 26
7 3 33
14 62 28
8 13 15
x 
x 
0 52 11
10 11 27
3 71 40
14 37 23
x 
4 34 9
x 
15 57 11
7 44 43
15 90 22
13 44 36
2 59 12
9 15 44
x 
x 
x 
x 
13 49 37
0 89 19
x 
13 56 39
4 99 25
11 94 29
4 45 12
x 
12 92 15
8 68 29
0 36 7
x 
9 40 5
x 
12 96 16
x 
6 58 22
4 84 22
0 41 8
0 0 0
0 94 20
x 
x 
x 
10 18 29
9 19 0
1 45 32
4 89 23
15 15 0
2 71 15
11 68 20
x 
11 71 21
12 46 0
14 42 24
x 
13 60 40
5 99 5
14 96 36
10 74 41
11 74 22
11 40 14
13 64 41
13 53 38
x 
x 
1 97 43
14 47 25
x 
0 57 12
8 31 21
8 90 35
7 7 34
2 90 20
8 99 38
13 76 44
12 51 1
x 
15 60 12
5 45 35
13 91 3
x 
1 0 22
x 
x 
6 8 9
12 87 13
13 0 18
x 
0 62 13
7 31 40
x 
x 
1 77 39
0 67 14
x 
14 99 37
7 49 44
15 19 1
1 5 23
1 82 40
x 
11 12 6
1 87 41
1 92 42
12 71 5
9 99 23
11 45 15
6 63 23
12 73 6
x 
x 
0 5 1
13 93 4
3 50 34
3 15 25
0 72 15
0 99 21
x 
8 77 31
15 0 38
13 3 19
15 63 13
x 
4 94 24
5 49 36
11 18 8
x 
x 
2 31 6
x 
13 6 20
x 
3 46 33
2 67 14
12 24 39
x 
x 
9 59 10
11 97 30
x 
2 0 44
x 
9 62 11
9 72 14
6 12 10
x 
x 
7 74 4
x 
13 68 42
9 24 1
13 95 5
15 55 10
x 
x 
5 5 27
x 
6 68 24
2 95 21
3 85 44
0 74 16
5 53 37
7 77 5
6 91 29
9 28 2
x 
4 49 13
9 66 12
x 
x 
15 92 23
x 
5 57 38
x 
13 9 21
x 
3 95 1
3 38 31
10 78 42
x 
3 42 32
7 54 0
7 92 10
13 72 43
x 
x 
10 83 43
x 
x 
x 
x 
15 23 2
x 
x 
12 75 7
12 77 8
10 24 30
x 
4 20 6
13 97 6
6 16 11
0 43 9
x 
x 
7 11 35
13 24 26
15 27 3
5 61 39
10 16 28
14 52 26
x 
2 15 2
13 28 28
x 
x 
3 53 35
x 
2 5 0
x 
15 94 24
9 87 19
14 57 27
3 0 22
2 36 7
8 80 32
10 29 31
5 10 28
13 12 22
12 28 40
1 10 24
6 4 7
x 
10 87 44
11 16 7
x 
11 22 9
2 41 8
x 
14 64 29
9 32 3
5 65 40
9 36 4
x 
13 30 29
15 2 39
11 79 24
8 84 33
13 32 30
x 
x 
x 
15 32 4
x 
2 19 3
15 66 14
x 
x 
x 
3 62 37
8 87 34
11 26 10
7 80 6
12 0 31
x 
1 38 30
7 83 7
x 
x 
x 
4 38 10
x 
4 53 14
15 96 25
12 3 32
0 11 2
15 4 40
5 69 41
11 50 16
14 0 8
x 
x 
10 45 35
x 
5 73 42
9 69 13
2 10 1
6 20 12
7 59 1
9 75 15
1 15 25
x 
13 34 31
15 69 15
x 
2 23 4
12 6 33
x 
14 17 16
x 
1 20 26
4 24 7
3 5 23
x 
9 43 6
2 74 16
x 
9 47 7
x 
14 3 9
8 36 22
12 32 41
1 28 28
12 9 34
x 
7 64 2
4 41 11
7 96 11
x 
12 79 9
4 57 15
15 98 26
6 76 26
x 
4 0 2
x 
11 82 25
1 60 35
6 81 27
11 65 19
8 92 36
15 72 16
0 16 3
x 
6 73 25
6 94 30
10 40 34
10 91 0
5 15 29
10 49 36
15 6 41
6 86 28
x 
x 
12 12 35
x 
7 15 36
12 81 10
x 
4 64 17
14 5 10
0 21 4
x 
11 0 2
1 33 29
11 85 26
8 95 37
9 78 16
x 
8 41 23
6 24 13
1 40 31
7 69 3
13 36 32
3 58 36
x 
2 78 17
2 49 10
x 
3 67 39
9 0 39
x 
12 36 42
x 
11 3 3
15 36 5
11 77 23
13 79 0
12 56 2
15 75 17
x 
0 79 17
15 40 6
14 20 17
9 81 17
15 78 18
11 55 17
x 
15 9 42
5 0 26
4 61 16
12 42 44
9 84 18
x 
9 51 8
10 54 37
7 19 37
14 7 11
6 28 14
6 34 16
3 10 24
3 19 26
x 
9 3 40
x 
15 44 7
x 
5 20 30
1 49 33
10 34 32
8 16 16
11 28 11
3 34 29
3 36 30
2 54 11
0 26 5
8 46 24
x 
12 15 36
6 38 17
7 86 8
14 69 30
x 
5 25 31
11 60 18
12 40 43
10 59 38
x 
10 64 39
x 
12 61 3
9 90 20
2 27 5
9 6 41
x 
x 
5 35 33
x 
5 84 0
14 74 31
8 0 12
8 51 25
x 
12 90 14
9 93 21
7 23 38
x 
x 
x 
13 83 1
10 37 33
x 
x 
12 66 4
x 
x 
x 
13 87 2
x 
x 
9 9 42
8 19 17
x 
5 87 1
x 
5 30 32
5 93 3
x 
9 96 22
6 97 31
x 
x 
14 9 12
14 23 18
5 39 34
11 6 4
x 
3 24 27
5 77 43
x 
x 
13 15 23
x 
11 32 12
6 6 8
12 99 17
x 
4 68 18
11 9 5
14 28 20
x 
4 72 19
2 62 13
4 5 3
15 11 43
14 11 13
x 
8 58 27
7 27 39
1 55 34
1 62 36
6 42 18
6 32 15
10 69 40
x 
x 
13 26 27
13 18 24
x 
x 
x 
x 
4 76 20
x 
x 
6 46 19
14 13 14
12 18 37
12 83 11
x 
14 15 15
10 0 24
x 
x 
x 
x 
x 
15 48 8
13 38 33
7 89 9
14 79 32
x 
8 56 26
4 10 4
9 12 43
x 
x 
4 15 5
0 84 18
13 99 7
15 13 44
13 21 25
x 
x 
x 
7 0 32
13 40 34
1 67 37
x 
x 
6 50 20
x 
8 22 18
9 55 9
4 29 8
7 35 41
3 29 28
x 
15 84 20
x 
15 87 21
x 
14 84 33
1 72 38
8 4 13
11 88 27
2 82 18
8 25 19
11 36 13
x 
x 
8 63 28
8 9 14
x 
12 21 38
x 
x 
14 31 21
8 28 20
x 
x 
13 42 35
2 86 19
8 72 30
x 
5 81 44
10 96 1
5 96 4
x 
3 73 41
3 77 42
6 54 21
10 3 25
14 34 22
x 
5 90 2
x 
x 
14 89 34
3 81 43
x 
12 85 12
x 
14 26 19
4 80 21
