14 94 35
7 39 35
1 25 27
x 
0 21 39
3 90 0
x 
2 46 1
0 48 10
x 
6 0 6
15 52 9
x 
11 91 28
0 31 6
15 81 19
3 65 38
10 6 26
7 3 33
14 62 28
8 13 15
x 
x 
0 52 11
x 
10 62 27
14 37 10
x 
4 34 9
13 95 16
15 57 11
7 44 43
12 21 10
13 44 36
7 59 29
14 11 28
14 28 36
x 
5 77 2
x 
13 49 37
0 89 19
10 16 42
13 56 39
4 99 25
11 94 29
4 45 15
10 12 29
12 92 15
8 68 9
0 36 7
x 
x 
x 
12 96 16
x 
6 58 22
4 84 22
0 41 16
0 0 0
0 94 20
12 23 5
x 
x 
10 18 13
9 19 8
1 45 32
4 89 24
15 15 15
2 71 15
x 
x 
11 71 24
12 46 23
14 42 29
x 
13 60 40
5 99 5
14 96 36
x 
11 74 22
11 40 14
13 64 41
13 53 43
x 
x 
1 97 43
14 47 25
13 87 31
0 57 12
x 
8 90 35
7 7 34
2 90 20
8 99 15
13 76 44
12 51 1
x 
15 60 12
5 45 35
13 91 3
0 79 5
1 0 14
0 22 14
x 
6 8 9
12 87 33
13 0 18
11 32 41
0 62 13
7 31 40
8 31 43
x 
1 77 39
x 
x 
14 99 38
7 49 44
15 19 1
1 5 23
1 82 40
x 
11 12 6
1 87 41
1 92 42
12 71 5
9 99 23
11 45 15
6 63 26
12 73 6
x 
1 17 27
0 5 1
13 93 10
x 
3 15 25
0 72 30
0 99 25
3 98 3
8 77 31
15 0 38
13 3 16
15 63 13
x 
4 94 24
5 49 36
11 18 8
x 
x 
2 31 6
x 
13 6 20
2 64 20
3 46 33
2 67 14
12 24 39
10 13 7
15 79 34
9 59 41
11 97 30
13 89 31
2 0 44
x 
9 62 11
9 72 14
6 12 10
7 92 24
x 
7 74 4
x 
x 
9 24 1
3 50 2
15 55 40
x 
x 
5 5 27
x 
x 
2 95 21
3 85 44
0 74 16
5 53 37
7 77 5
6 91 29
9 28 0
x 
4 49 13
9 66 12
7 94 6
5 85 23
15 92 23
1 15 26
5 57 38
12 4 30
13 9 21
15 4 5
x 
3 38 31
10 78 42
x 
x 
7 54 0
x 
10 74 34
x 
12 83 16
10 83 43
3 71 40
11 35 33
x 
x 
x 
1 11 14
x 
12 75 7
12 77 8
10 24 30
x 
4 20 8
13 97 6
6 16 11
0 43 9
10 58 22
10 11 38
7 11 35
13 24 26
x 
5 61 39
6 49 18
x 
x 
2 15 2
13 28 28
x 
10 65 10
3 53 35
x 
2 5 24
x 
15 94 24
9 87 31
14 57 27
3 0 22
2 36 7
8 80 32
10 29 31
5 10 28
13 12 19
12 28 40
x 
6 4 7
x 
10 87 44
11 16 7
5 84 7
11 22 9
2 41 8
10 59 28
14 64 29
9 32 3
5 65 40
9 36 4
x 
13 30 29
11 33 38
11 79 24
8 84 33
13 32 30
14 7 27
8 35 2
6 53 1
15 32 4
x 
2 19 3
15 66 4
2 66 20
x 
x 
3 62 17
8 87 35
11 26 21
7 80 6
12 0 31
3 73 32
1 38 30
7 83 7
x 
x 
15 27 7
4 38 10
5 95 28
4 53 14
15 96 25
x 
0 11 2
9 3 0
5 69 41
x 
14 0 8
10 57 35
11 54 27
10 45 35
1 18 37
5 73 42
9 69 13
2 10 1
6 20 12
6 68 28
9 75 15
x 
10 63 42
13 34 31
15 69 37
8 34 18
2 23 4
12 6 33
x 
14 17 29
0 70 13
1 20 26
x 
3 5 23
x 
9 43 26
2 74 16
x 
9 47 7
x 
14 3 9
8 36 22
12 32 41
1 28 28
12 9 34
13 72 40
7 64 2
4 41 38
7 96 11
0 23 22
12 79 9
4 57 15
15 98 26
6 76 26
9 15 8
4 0 2
x 
11 82 23
1 60 35
6 81 27
11 65 12
8 92 36
15 72 16
0 16 3
x 
6 73 25
6 94 30
10 40 21
10 91 0
5 15 29
10 49 36
15 6 41
6 86 28
x 
x 
12 12 35
11 69 24
7 15 36
12 81 10
x 
4 64 17
14 5 10
x 
x 
x 
1 33 29
11 85 26
8 95 37
9 78 30
x 
8 41 23
6 24 13
1 40 38
7 69 3
13 36 32
3 58 36
x 
2 78 17
2 49 10
7 89 37
3 67 39
9 0 28
x 
12 36 42
13 74 6
11 3 3
15 36 0
11 77 23
13 79 0
12 56 2
15 75 17
0 82 23
x 
15 40 1
14 20 17
9 81 17
x 
11 55 38
15 90 21
15 9 42
5 0 26
4 61 19
12 42 44
9 84 18
x 
9 51 8
x 
7 19 37
x 
x 
6 34 16
3 10 43
3 19 38
x 
x 
x 
15 44 7
9 41 4
5 20 30
1 49 20
10 34 33
8 16 39
11 28 11
x 
x 
2 54 11
0 26 5
8 46 24
x 
12 15 36
6 38 17
7 86 8
14 69 30
14 53 38
5 25 25
11 60 34
12 40 9
x 
x 
x 
x 
12 61 32
9 90 20
2 27 5
9 6 41
13 19 11
7 63 39
5 35 33
5 94 19
x 
14 74 31
8 0 12
8 51 25
14 55 37
x 
9 93 32
7 23 37
x 
x 
x 
13 83 38
x 
x 
x 
12 66 4
1 16 41
11 50 40
x 
x 
x 
13 18 22
9 9 42
8 19 17
10 54 14
5 87 1
x 
5 30 32
x 
6 50 22
9 96 22
6 97 31
x 
13 68 19
14 9 12
14 23 18
5 39 34
x 
2 62 24
3 24 27
x 
x 
x 
13 15 23
11 68 44
x 
x 
12 99 17
x 
4 68 18
11 9 5
x 
11 0 43
4 72 19
x 
4 5 3
15 11 43
x 
x 
8 58 27
7 27 39
1 55 34
1 62 41
6 42 18
x 
10 69 40
15 2 17
6 51 8
13 26 43
15 28 34
x 
3 36 30
7 61 40
2 59 26
4 76 20
x 
6 32 33
x 
3 44 12
12 18 37
x 
3 34 12
14 15 15
10 0 24
11 7 35
0 67 15
x 
13 20 19
x 
15 48 8
13 38 33
x 
14 79 32
x 
8 56 26
4 10 4
9 12 43
11 51 28
x 
4 15 5
0 84 18
13 99 7
15 13 44
13 21 25
x 
10 37 16
8 22 44
7 0 32
13 40 34
1 67 37
11 1 10
x 
x 
x 
x 
9 55 0
4 29 16
7 35 41
3 29 10
10 64 42
15 84 20
x 
15 87 21
3 95 20
14 84 30
1 72 21
8 4 13
11 88 27
2 82 18
8 25 19
11 36 13
x 
9 40 18
8 63 1
8 9 14
x 
x 
x 
x 
14 31 15
8 28 12
x 
5 93 15
13 42 35
2 86 19
8 72 30
x 
5 81 44
10 96 1
5 96 4
4 24 9
x 
3 77 42
6 54 21
10 3 25
14 34 14
x 
5 90 2
x 
x 
14 89 43
3 81 43
x 
12 85 12
11 6 1
14 26 21
4 80 21
